23-16+45*2 = 97.000000
asd = -2.500000
z = 23.230000
xxx = -97.120000
abc = 5.340000
(abc + xxx*2)/(z^3*(asd-50)) = 0.000287
S22 = 0.000100+0.997000j
S11 = -0.010000-0.920000j
v0 = 299.799000
len = 191.760000
s2 = 0.000101-0.000000j
s1 = 1.000000
alpha = 24.543244+0.000000j
exp(-j*PI*alpha*len/v0) = 0.584118+0.811669j
-abs(-abs(1+j)) = -1.414214
1+pow(2,10) = 1025.000000
log(2+j,4-j) = 0.496609+0.413175j
